14.74
8.33
5.30
19.88
6.50
19.81
19.64
16.70
14.55
13.24
17.86
8.63
11.48
13.91
10.58
10.84
9.28
13.03
17.61
7.22
18.95
15.03
17.17
12.90
16.47
4.26
17.09
4.64
18.24
19.87
8.71
7.37
16.25
8.05
17.85
5.65
6.02
19.67
14.78
17.55
9.19
14.82
13.51
13.65
14.92
13.21
10.86
8.41
16.30
7.62
15.08
7.73
14.01
15.95
7.50
4.96
6.10
13.70
17.59
4.72
15.75
9.46
11.66
18.86
9.31
11.45
4.22
5.31
8.14
4.45
14.10
10.82
12.77
6.79
8.73
14.62
19.44
4.81
18.25
13.23
13.02
12.00
5.11
5.44
13.61
9.46
18.68
10.51
6.29
15.44
8.69
12.41
15.17
18.40
16.68
14.82
14.87
19.13
8.73
4.02
8.35
7.49
14.59
14.14
13.50
4.26
15.66
9.18
14.64
12.91
9.48
6.15
5.51
17.30
18.69
14.40
5.65
10.43
15.66
16.48
5.89
4.00
15.39
9.71
8.07
4.21
12.64
17.62
19.32
13.05
12.23
5.36
12.78
10.08
13.71
10.22
7.84
5.52
9.04
5.55
6.83
19.80
11.11
12.51
17.98
19.93
13.32
17.00
9.23
8.89
10.44
14.76
14.92
9.04
6.13
14.12
6.05
13.26
15.09
15.21
16.06
17.97
12.00
15.68
13.91
6.99
4.41
8.55
11.09
13.87
17.60
7.14
6.01
19.42
5.73
11.66
13.37
12.66
5.38
4.91
5.69
13.37
12.71
7.74
14.20
17.12
4.67
11.97
15.03
8.04
8.92
13.82
18.37
16.96
13.33
15.68
9.84
14.26
11.46
7.04
